delte = 4.712389017909709
Fs(delta) = 5.999999999999988